customer-lifetime-value,income,monthly-premium-auto,number-of-open-complaints,total-claim-amount
588174,0,1000,0,2
697953,0,94,0,1131
1288743,48767,108,0,566
764586,0,106,0,529
536307,36357,68,0,17
825629,62902,69,0,159
538089,55350,67,0,321
721610,0,101,0,363
2412750,14072,71,0,511
738817,28812,93,0,425
473899,0,67,0,482
819719,0,110,0,528
879879,77026,110,2,472
881901,99845,110,1,528
538443,83689,70,2,307
746313,24599,64,1,42
256686,25049,67,0,454
394524,28855,101,0,647
571033,51148,72,0,308
816261,66140,101,0,484
287205,57749,74,0,355
617710,61040,79,1,20
2412750,14072,71,0,511
245019,0,73,3,554
239210,17870,61,0,439
580206,97541,72,0,389
394637,0,111,0,799
916206,29723,80,0,20
1290256,86584,111,2,532
323536,75690,80,1,384
245458,23158,63,1,322
1897545,65999,237,0,615
471532,0,65,0,308
473787,0,130,0,23
493291,37260,62,0,15
574422,68987,71,0,204
1389173,42305,117,0,561
738097,65706,91,0,436
309003,0,90,0,648
252163,53243,66,2,157
265206,0,70,1,484
277104,50071,71,0,18
393900,60021,99,0,882
1223187,43244,103,0,494
495165,46896,35354,1,31
1281910,10105,172,3,0
446851,0,73,3,579
551434,23218,71,0,447
334387,0,92,0,529
229447,0,62,0,313
3670742,24804,104,0,593
3347334,33190,106,0,508
798343,36014,69,3,173
487938,67163,61,2,33
429399,16701,113,0,831
716439,46623,91,0,436
761951,64749,64,0,302
395800,0,101,0,484
449949,16969,124,2,704
405956,11621,108,0,518
445811,17622,65,1,312
811033,11489,105,0,504
333976,0,94,0,863
2426101,66525,100,0,104
661397,0,63,0,676
293069,33663,73,0,350
867219,22547,112,0,537
1163866,61486,97,0,465
684615,0,95,0,456
1172777,29879,102,0,500
2264383,93011,113,0,281
261447,65186,65,0,5
245175,26840,64,2,307
678127,0,104,1,982
497480,75644,65,3,467
859160,38984,73,0,350
559216,71811,71,0,29
800947,20961,67,0,321
588174,41275,96,0,41
5816655,61321,186,1,427
802522,0,77,0,25
578018,51066,74,0,787
411853,34378,102,0,489
252307,43072,63,0,302
655421,25222,90,0,475
538275,77552,68,1,45
592672,23091,96,5,460
268347,48269,69,3,282
269518,32720,67,0,321
604702,20396,76,1,364
1317101,21513,119,1,679
1595001,0,87,1,46
252765,80744,63,0,11
267209,52822,67,0,350
531329,0,77,1,863
2094619,69738,74,1,492
837535,17780,109,0,132
480166,18107,62,0,297
574594,57740,74,3,269
606611,32627,76,0,380
800230,0,107,0,513
239391,0,70,0,425
476281,65795,62,1,49
433038,60475,107,0,513
940272,0,130,0,936
696669,41837,88,0,142
769406,32303,65,0,45
871756,0,117,1,561
592874,40531,74,0,30
245297,79898,62,1,271
670157,56398,85,0,408
499655,71600,63,0,46
849269,27804,109,0,784
771349,45506,66,2,316
518579,99428,6464,1,48
729006,0,102,1,489
477294,20993,133,0,638
680649,37839,86,0,465
246978,92711,62,0,368
310392,74665,78,2,236
1048491,61108,89,0,49
890273,46833,112,0,64
549944,88768,68,0,326
1502359,28262,192,0,921
250910,33555,63,0,101
3122174,42780,113,1,542
313350,58850,78,0,143
383745,21880,97,0,424
1179049,25251,66,0,316
282986,25317,71,0,50
430580,24188,109,0,523
597397,41611,74,0,113
567044,28406,72,1,192
473174,69833,118,0,828
802637,0,74,0,532
402296,0,117,0,975
961831,80536,119,0,53
725595,88891,89,0,50
955292,97732,79,0,289
1038855,61222,89,0,392
247012,0,74,0,721
561906,50335,140,0,456
904711,0,127,0,1087
268731,82210,68,4,51
373150,0,96,0,460
366077,64495,92,0,251
792882,0,72,0,345
501175,28859,67,3,321
798825,77330,99,0,99
388545,0,105,0,504
935773,33060,117,0,56
254068,42557,65,0,57
488516,26372,126,0,604
975330,17514,127,0,8
294615,89270,74,0,316
258111,29757,65,0,312
351738,51814,92,0,56
974335,24028,82,0,393
387364,28142,105,0,701
764928,52705,64,1,128
228759,0,63,0,679
825576,54040,103,0,59
871492,0,118,0,566
681923,22492,85,0,61
741619,0,77,2,554
777115,21876,68,0,465
696834,0,69,1,496
425028,0,61,1,292
1977656,70699,82,0,256
2134346,0,74,1,355
241313,27501,63,0,542
1536384,15897,101,0,303
845696,25141,73,1,25
218964,0,61,3,292
578018,51066,74,0,787
463998,28358,117,0,84
382443,62530,95,0,61
596811,90972,74,0,232
859033,63110,72,0,68
407663,29549,104,0,710
1225260,0,115,1,552
1693627,39411,217,2,1122
489243,21709,62,0,408
994230,67890,85,0,408
373583,0,110,0,792
1311752,84311,111,4,532
457452,99316,114,0,754
547006,54507,138,0,702
297884,64586,76,0,206
641096,61709,82,2,275
447902,94656,111,1,459
238373,0,69,0,496
276449,61085,70,1,336
792010,89284,67,3,321
688909,0,63,0,302
327419,31686,81,0,430
995170,56855,255,0,1836
252155,53703,67,2,67
2370611,0,96,1,844
604702,20396,76,1,364
1114030,27679,150,0,722
433406,23904,123,3,590
279974,65351,69,0,481
792313,0,113,0,1124
368811,0,63,3,669
1206745,0,116,0,1284
292497,64459,72,0,240
1501409,32961,190,0,912
927723,71416,116,0,556
627412,68964,78,0,115
388664,78108,98,0,470
438627,10621,67,0,321
1136526,84910,95,0,383
561096,77493,70,0,307
291289,81097,74,0,355
691572,96610,85,0,520
626266,30110,159,0,466
650339,22081,84,0,451
800739,0,112,0,537
292991,98473,72,0,345
596955,97431,74,0,355
547315,93870,69,0,331
564539,50366,72,0,428
636926,34498,83,0,398
1183376,16552,103,0,494
612110,26787,77,0,369
515936,0,74,0,831
251459,43860,65,0,156
866861,21474,114,2,373
496096,18174,66,0,395
550413,0,73,0,350
750745,60920,64,0,231
3226985,41520,90,0,289
565703,0,152,0,729
506175,0,68,0,326
591278,72208,73,0,350
1518227,53863,63,0,105
1074703,66446,136,0,639
205062,0,61,0,292
246544,64997,63,1,383
534312,64460,66,0,316
811982,46618,67,0,99
460526,0,64,0,307
640878,49988,84,5,566
237653,0,91,5,436
321107,16269,86,0,412
509452,72006,64,0,307
2575527,0,81,2,388
867222,0,245,0,2345
804473,44320,67,0,321
400151,19782,108,0,773
1670611,63933,70,0,424
854441,28224,109,0,523
780531,21073,106,1,508
611275,63243,77,0,364
477294,20993,133,0,638
1097909,94827,135,0,354
500426,39161,63,1,283
1322304,37534,84,2,403
262331,80210,65,0,20
1784019,0,62,0,385
510611,30110,64,0,140
1793060,21708,68,0,326
545734,94731,67,0,321
656364,32375,83,0,398
481252,16531,63,0,102
2932804,32006,94,0,56
577352,81676,72,0,463
684711,71038,86,0,205
359531,0,103,0,741
2285561,20832,65,0,56
785941,0,113,0,813
411557,52405,103,0,494
502963,0,133,0,795
482141,26583,1005,4,614
500431,25486,65,0,72
863005,24065,111,0,532
932208,70435,116,0,67
1672756,0,76,2,402
365253,39679,92,0,641
615860,0,89,0,342
437608,0,69,4,331
556945,53565,71,1,340
257651,37574,66,1,412
834698,48259,108,0,73
632392,78532,78,0,374
597314,96163,73,0,350
470667,0,72,0,345
809341,0,114,1,722
503574,72672,63,0,259
902786,99002,112,1,537
728888,79494,91,0,396
1804247,35704,225,0,358
499206,0,71,0,653
910226,26049,118,0,121
254040,70125,64,0,92
1294189,52369,110,1,528
236534,0,66,2,159
572076,41770,72,0,476
703553,0,101,0,727
263697,31911,67,0,321
539583,70051,68,0,42
838263,19683,117,1,561
3116174,30916,112,0,200
288774,0,80,0,676
742584,84302,62,0,76
2558572,0,116,0,830
1027260,60145,132,0,580
437636,63774,111,0,60
531889,25134,67,0,321
471976,37057,61,1,47
442803,58577,110,0,303
587917,85857,73,0,100
941690,70602,116,0,481
828815,33816,106,2,508
3265483,0,153,0,1101
471945,89642,121,4,86
390347,60068,98,0,470
545725,50044,139,0,667
272535,36650,69,1,56
443397,50653,110,0,262
533246,68931,66,0,309
231509,0,73,1,350
541195,0,73,0,365
958733,39266,80,0,384
2210350,0,102,0,489
976494,0,98,1,705
256715,40864,65,0,9
265062,39035,68,0,244
1126436,34923,98,0,639
216852,0,63,0,453
861066,0,111,0,532
283464,24506,71,0,511
893013,0,82,0,554
553638,52220,70,1,336
284085,0,74,0,402
808288,53554,67,0,327
525473,34476,67,1,5
511623,0,70,0,131
303464,68205,76,0,99
802489,0,119,1,856
1821114,53690,154,0,739
512156,0,72,0,518
215017,0,61,0,292
559538,74454,71,0,340
756282,0,73,0,350
538585,29664,71,0,340
267805,72450,66,0,84
942256,47272,79,3,64
360586,21585,92,0,441
776259,23827,106,2,37
2344490,69906,74,2,202
255817,0,72,0,345
265438,73196,66,1,85
254978,72217,6464,0,91
296959,46131,74,0,355
436312,54514,109,3,286
588430,0,161,0,1159
527219,96668,66,0,316
550989,78879,69,1,466
1631368,0,69,0,331
567805,0,76,0,364
1210120,0,112,0,1252
245357,29735,69,0,331
507566,23082,65,0,312
321497,53984,80,0,421
1227534,52135,156,0,430
272221,17576,71,0,398
245744,29486,62,0,7
355484,58557,88,0,55
492954,25632,63,0,351
803645,0,112,0,806
427691,18768,68,3,647
3347334,33190,106,0,508
596058,47945,74,0,128
4479546,58778,126,0,302
383211,15192,100,0,480
683793,51859,171,0,1003
528526,23422,72,0,518
309651,21604,79,0,379
358971,79298,90,0,244
258240,76731,64,0,201
340391,38460,88,1,91
1357567,48534,115,1,552
343613,30817,88,0,91
2868582,48412,104,0,707
450267,68798,114,0,92
618311,23712,85,0,376
387364,28142,105,0,701
1892933,72196,68,0,152
555329,68197,69,0,176
501125,75248,63,0,104
1044244,0,98,0,941
219961,0,65,1,468
512317,89879,63,0,94
748431,46998,96,0,460
261302,57099,67,0,67
908063,33897,114,0,539
1377097,59207,116,0,556
287682,40171,73,0,350
540891,80192,67,0,95
677030,74422,85,1,95
2414387,0,87,0,626
353805,0,67,5,321
2909123,34226,244,0,494
1983420,65989,123,1,115
473136,30686,61,0,19
3553784,0,113,0,799
3461137,20090,109,0,523
2021630,0,183,0,878
1397651,77094,176,0,444
590408,97413,73,0,268
559583,79189,69,0,331
229430,0,62,0,297
627391,18577,86,0,412
372672,0,112,1,806
265671,62777,67,0,101
511068,0,74,0,532
712659,17483,183,0,1317
460163,84394,114,0,691
915523,0,127,0,804
1480805,41440,62,1,297
890167,0,136,1,1090
573459,98132,71,0,50
417769,0,112,0,537
2777628,88220,230,0,151
1036434,58327,129,0,347
785190,25950,66,0,271
477294,20993,133,0,638
1422650,65726,177,0,849
287543,84768,72,0,110
504129,36234,63,0,113
436293,58842,110,0,528
962452,25629,124,2,595
2191440,77311,181,0,113
694842,0,196,2,1337
247152,95697,61,0,114
2190391,22254,79,0,125
902882,65974,113,0,235
530375,0,76,0,395
2070825,92079,65,1,114
512376,0,74,0,772
949234,0,132,0,633
820486,0,73,0,350
987729,67752,131,4,168
481500,25398,64,0,307
627701,0,88,0,633
826063,33321,105,0,504
254945,0,78,0,845
1131808,38923,99,2,115
380392,20325,100,0,668
863540,13129,117,0,700
551055,0,73,0,525
358588,49080,91,0,25
488925,42536,63,0,375
275694,29926,74,0,418
328954,0,86,0,398
1093717,21450,138,0,938
737556,33345,65,0,338
1011077,15752,90,0,339
511941,40169,65,1,302
853383,26049,113,1,619
222476,0,68,0,326
804280,55411,100,0,259
255443,12459,70,0,336
1807394,64620,76,1,364
243050,83140,61,0,179
316765,0,92,0,662
546560,54422,68,0,75
1035751,68309,131,0,306
253781,56621,65,2,84
282194,38977,70,0,139
775712,0,111,0,607
407913,0,114,0,631
595554,0,83,0,628
1415861,83235,70,0,336
848723,0,74,0,426
628547,32390,80,0,91
1147348,66538,95,0,317
494263,23285,65,0,118
2359468,76358,66,0,86
257250,21104,66,0,118
538089,55350,67,0,321
477055,12964,65,0,362
675665,33288,86,2,221
593601,0,84,0,980
357076,56168,88,0,614
601996,0,92,0,662
542686,23105,69,0,331
273031,36218,68,0,145
498268,52275,62,0,374
876926,49665,74,0,355
422061,32471,110,0,528
1153750,0,86,1,619
588718,62773,73,0,80
470058,76694,117,0,561
1096395,55687,276,0,1324
252317,0,70,0,504
375780,36633,96,1,460
1294173,77060,106,0,468
376446,92600,94,0,842
688955,0,66,0,475
362345,0,111,2,1171
758211,64801,64,0,268
827774,45257,103,0,494
257645,26854,66,0,475
820538,85840,102,2,138
1958246,26463,72,0,345
648152,30689,81,0,467
259931,29590,66,0,467
983033,25965,253,0,1214
1044265,17269,139,0,667
3605753,90330,137,3,192
847003,0,113,0,619
827878,0,110,0,1002
478893,0,67,1,321
308799,18558,80,0,384
444373,46384,113,0,251
798408,0,72,0,866
718097,42303,180,0,1210
1565603,71731,130,0,599
578018,51066,74,0,787
2071494,0,203,0,2027
533735,0,86,3,619
505082,0,69,0,72
511662,26173,68,1,449
726873,24445,63,0,302
261661,72302,66,0,316
373843,27208,102,0,489
272535,36650,69,1,56
545386,30855,68,0,259
684615,0,95,0,456
617291,99960,76,0,364
1034632,0,98,0,470
699700,55873,88,0,299
419625,18052,111,0,699
785810,28937,104,2,117
606434,0,86,0,545
1749752,0,73,0,350
897064,12829,118,0,328
592311,92163,73,0,66
3585059,17588,192,0,1382
870984,41546,111,0,121
1330933,0,127,0,609
452850,70340,113,0,542
279190,0,74,0,532
443441,34549,111,0,125
799600,93459,99,0,655
512973,86148,65,2,312
569717,27048,72,0,345
921713,73259,115,0,673
1020892,35482,129,0,619
417068,29462,107,1,513
450540,67801,115,1,23
310756,0,94,4,451
552866,16042,73,0,350
504586,28056,64,1,307
296272,16495,85,3,408
866595,41163,108,0,231
1141344,0,161,1,772
1548843,33799,109,3,664
886114,90125,110,0,128
593474,87747,147,1,46
354323,35695,90,0,432
349002,90985,87,0,78
368309,0,101,0,564
598977,66839,154,0,739
1250084,0,165,0,792
860915,79090,107,0,289
249745,24825,64,0,155
701917,26806,63,0,302
538792,56835,67,0,326
616555,0,88,0,653
273020,46135,69,0,103
516211,0,73,0,809
793706,22862,67,0,321
860815,21450,110,2,528
263254,95854,65,0,312
778500,44897,99,1,580
2163983,64455,108,0,133
498082,53265,62,0,238
745723,0,198,1,1577
1064093,50450,90,0,135
686250,54780,88,3,135
904898,0,119,0,571
554803,67798,69,0,331
831268,21442,118,0,566
238998,27615,62,1,297
445811,17622,65,1,312
529574,50200,135,0,637
383960,0,112,2,537
373150,0,96,0,460
277890,73570,70,1,75
401654,0,111,0,799
493094,70412,61,0,136
249131,36631,62,0,67
290887,35895,73,0,312
428294,40864,109,1,166
834162,0,118,0,566
509078,93018,63,0,135
736618,70014,62,0,17
243687,48875,61,0,1
885268,67969,74,0,197
2387547,0,108,0,612
560049,68665,69,0,331
463654,26802,66,1,316
757334,0,110,0,1193
1469663,45345,125,0,600
897214,89689,74,0,136
772484,32051,193,1,926
594667,81139,74,0,392
800054,63834,100,1,215
645756,37548,81,0,160
728144,0,69,3,371
259243,72421,65,0,312
467842,83102,116,0,443
1386992,28432,118,0,612
871777,83707,108,0,290
523398,63259,65,0,316
476418,0,67,0,405
247246,63860,62,0,208
281369,43836,73,0,138
550505,86132,68,0,301
260620,28519,66,0,456
1048194,39102,88,0,152
325676,0,89,0,491
3047578,97298,128,0,48
636490,41986,84,2,430
946850,0,88,0,633
563145,17291,73,0,350
778099,0,74,0,246
981652,37256,62,0,128
751913,96306,95,1,185
1017971,14290,271,0,1300
277283,37038,71,1,9
403750,90760,103,2,133
419196,77048,103,0,141
267686,54480,67,0,321
252395,16244,68,0,623
698840,22436,89,0,427
874205,71592,72,0,141
267331,28728,67,0,321
1215732,57449,103,0,494
295776,83318,73,0,211
717390,75217,61,1,147
309953,0,102,5,862
841568,55308,107,0,513
2684312,36068,97,0,113
1305717,48804,112,1,537
959995,0,131,0,943
853510,55790,111,0,117
829348,70258,69,0,225
684615,0,95,0,456
663685,47274,83,1,182
560908,44705,71,0,148
507732,0,73,0,525
527562,70446,65,0,155
251459,43860,65,0,156
343525,64348,86,0,212
662461,0,62,0,297
575744,88997,72,0,174
251459,43860,65,0,156
288645,10312,78,0,486
534143,0,72,1,345
416001,96263,103,0,1
284624,28919,72,0,518
477025,0,68,1,326
505961,41869,64,0,262
909574,0,128,0,921
268886,32808,68,1,541
827763,79780,68,0,326
905793,91025,112,0,327
380175,33043,95,0,456
933934,69442,118,3,1265
252012,0,70,0,63
498409,0,70,0,336
259574,47234,65,0,15
743769,86863,92,0,441
1453678,25805,66,2,375
591330,43676,76,0,364
277166,59855,74,4,355
2919436,35296,126,0,452
988038,36576,125,1,113
1511440,28513,100,1,480
575991,85448,72,0,16
849516,23791,110,3,615
438118,20597,112,0,615
699782,56940,87,0,512
1143058,93210,71,0,74
748248,48992,94,1,426
859691,53736,71,0,169
785496,25378,66,1,419
258240,76731,64,0,201
907576,37722,116,0,158
411858,69379,103,0,494
1215732,57449,103,0,494
515281,0,68,0,326
651297,0,93,0,669
2778969,33806,89,0,395
266727,94041,66,0,159
1092840,74965,90,0,58
761538,34095,63,0,302
200435,0,66,4,316
243468,96045,61,0,8
1419536,86355,118,0,285
942768,27824,118,0,566
1198242,42995,101,0,410
310278,21235,79,0,244
422263,74585,106,0,218
402381,41833,103,0,643
529715,23908,70,0,336
2142363,0,65,0,312
441620,61953,113,0,497
463903,0,142,0,1022
486354,0,137,0,657
2583090,73760,107,1,230
297431,23333,74,0,5
206445,0,61,0,292
1006460,20440,128,2,614
803240,27658,68,0,160
548921,50943,139,0,667
261275,19003,71,0,34
857346,46703,108,0,678
2412750,14072,71,0,511
855038,21733,73,0,525
230864,20811,61,0,292
425462,11904,61,2,292
898285,43490,114,4,174
786816,57340,67,0,159
770424,49088,97,0,698
1055217,47761,131,0,232
1604510,0,65,0,163
873783,61281,110,0,79
545489,0,82,1,393
770528,25290,66,0,382
703926,24239,88,0,48
883808,82664,114,3,133
873352,83210,110,0,528
959747,38736,81,0,561
450666,0,66,0,316
1785797,55437,64,1,445
249780,68041,6464,0,165
542613,0,71,0,407
799814,29066,100,0,844
289762,54337,72,0,345
1159950,67616,96,0,340
1514793,41082,63,0,106
543576,0,10202,0,626
272535,36650,69,1,56
1329771,50631,112,4,784
992704,19592,92,0,441
1777154,0,114,0,547
1826927,55761,115,0,86
272221,17576,71,0,398
708321,41449,89,0,63
1017971,14290,271,0,1300
588950,62007,73,0,120
1577139,21921,206,0,1254
528817,42621,66,0,316
2758055,0,87,1,417
777853,63786,196,0,798
734186,0,104,3,82
791919,82877,99,1,22
216387,0,63,0,302
978780,10475,88,1,422
520764,21952,66,0,316
2114727,49721,132,0,639
1228076,88340,102,0,489
244139,0,65,0,312
653556,0,65,0,468
920659,24589,82,0,511
411858,69379,103,0,494
483820,73769,61,2,239
462554,66670,114,0,518
1404210,88854,118,0,715
754661,31266,193,0,926
251459,43860,65,0,156
517035,89284,133,2,402
1391737,67267,89,0,94
1131813,79270,95,3,456
427636,36692,109,1,523
432224,0,119,0,571
800230,0,107,0,513
388545,0,105,0,504
447177,0,135,0,972
849635,44624,71,1,73
2250088,0,71,0,340
1630196,19614,85,0,574
231973,0,64,0,632
871704,83846,74,3,355
286011,51159,72,0,4
245340,83772,62,0,42
598977,66839,154,0,739
2498022,88440,70,0,27
748263,25666,63,2,270
245757,52926,61,0,292
237974,0,67,0,494
828696,40001,70,0,142
239391,0,70,0,425
465715,18024,65,0,312
1319792,0,68,3,326
280391,23220,74,0,251
864650,64125,108,0,369
742587,58042,62,0,161
452873,90034,112,0,537
222707,27972,61,0,292
729294,0,65,0,312
318435,50989,80,0,255
1131520,11885,101,0,484
253070,89451,63,0,61
1836155,0,182,0,1310
864153,78904,109,0,250
327853,70247,83,1,141
527198,32653,67,0,321
376363,93595,97,4,49
1395556,90279,115,0,372
500152,0,72,0,542
708283,53310,189,3,1360
761948,0,105,0,504
1255088,22234,160,0,768
3219660,91375,99,0,72
679377,22250,86,0,720
527231,0,80,0,576
626534,0,84,1,481
854758,51179,71,0,466
278742,38667,72,0,159
462680,79487,114,0,547
866336,67763,107,2,41
387222,0,62,2,503
517081,0,71,0,859
896028,71943,112,0,305
547183,53526,68,0,278
3493100,35005,295,0,1416
262039,24721,67,0,139
1906949,0,102,2,734
575744,88997,72,0,174
4022401,48587,111,0,532
270148,76310,67,0,321
371243,73205,92,0,37
2185084,51056,78,0,95
784016,58414,210,2,1008
823703,23940,107,0,513
224347,0,62,0,446
843446,44216,71,0,72
222707,27972,61,0,292
517002,0,69,0,331
264144,29305,66,0,475
279068,53882,69,0,331
274512,91757,69,1,331
757953,33906,64,0,401
1097878,68158,139,1,253
825506,0,134,3,643
474773,42165,123,0,799
354090,0,101,0,727
343613,30817,88,0,91
258218,68074,65,0,27
1166509,84978,35353,1,166
739628,71135,92,1,270
433079,0,61,0,292
907576,37722,116,0,158
1463545,0,139,0,667
856476,95697,107,0,178
1156568,64642,96,0,404
277104,50071,71,0,18
850712,46754,106,1,513
758211,64801,64,0,268
332309,70410,83,0,131
523433,66957,131,1,628
2470959,24213,78,1,374
1778627,99790,6464,0,178
255122,79751,63,0,392
724771,86122,182,1,873
453884,82297,116,0,0
3164210,89057,98,0,187
873042,43259,73,0,350
833273,0,79,0,379
235774,25064,62,0,297
463716,25816,119,0,571
535719,0,73,0,350
539197,41662,69,0,217
369414,96170,92,0,441
504041,46072,64,0,25
2749542,37931,99,0,475
484228,35127,62,0,297
2738281,45473,76,0,188
522710,93087,131,3,628
259009,22398,67,2,321
1053607,92983,87,1,153
858127,27689,239,2,2893
946311,69654,118,0,629
1344100,80744,111,0,361
388650,0,112,0,1185
678489,0,64,1,460
2359468,76358,66,0,86
253862,18608,71,0,340
563994,73168,70,0,425
1168137,70930,99,0,190
2599775,62262,72,0,193
1377836,91474,113,0,24
492318,61469,63,5,302
227233,16618,62,0,219
1489539,48081,188,0,881
975604,67632,121,0,26
942297,34115,119,0,466
383735,23051,99,0,475
1095213,23748,99,0,607
815913,40589,69,0,331
1948049,50809,83,0,290
391936,66676,97,0,558
798514,52339,70,3,336
1216874,14973,115,0,828
584932,0,83,0,540
508583,31546,65,0,100
290393,67763,73,1,59
627317,20836,79,0,193
1832141,88592,76,0,199
517870,66943,65,1,53
1402435,81872,115,0,256
530943,22404,70,1,211
494980,21342,62,0,74
859566,34621,108,1,621
2295189,62396,64,0,307
379213,97212,93,0,360
275574,49648,70,0,65
488033,97984,61,1,407
905190,26308,114,0,547
1011544,63528,256,0,1228
826907,20225,114,1,547
807165,0,112,0,806
772699,87620,64,0,24
831113,0,72,0,311
257402,34990,65,0,42
572732,99934,71,0,460
367914,60804,92,0,213
274451,94648,69,0,331
563674,24516,71,0,300
1687038,61063,85,0,262
273800,0,74,0,263
464470,0,64,0,307
474668,15169,63,0,302
1687432,55390,71,0,256
238760,27592,62,0,297
446533,61846,112,0,215
459162,83297,113,0,542
1309258,0,188,0,1353
911226,0,90,0,432
416516,55897,104,0,499
265998,21297,71,0,45
1198659,87560,98,1,470
289873,0,96,4,691
289424,0,85,0,408
350045,89398,86,0,82
262180,36843,68,3,357
1022180,0,134,0,643
257827,34946,65,0,420
624259,75680,78,0,136
522028,0,69,0,331
313643,49532,79,1,220
452536,10269,65,0,170
497035,49714,63,3,266
1546778,77517,129,0,98
583889,81082,73,0,281
1065688,72540,88,0,631
228961,0,65,0,468
543980,61546,68,0,29
795615,44818,67,1,136
445811,17622,65,1,312
255505,0,72,0,518
330799,79797,84,0,31
845905,92717,70,0,224
1335012,28919,173,0,830
493122,0,68,0,480
777683,63568,65,0,390
255367,73935,64,1,72
487646,0,66,0,316
903430,18846,115,0,552
810591,38893,103,0,41
561968,0,153,0,1027
1572713,84824,196,0,319
661801,20068,86,0,411
467004,0,125,0,600
1016936,0,135,0,648
832307,97245,70,0,4
241776,51808,61,1,351
804487,71391,67,0,284
532572,0,73,0,496
694752,0,100,0,925
584741,23496,77,0,13
588174,55561,63,0,227
472478,23986,119,0,463
279022,22974,71,0,180
2153133,0,101,0,484
1262283,61844,106,0,508
2017196,24804,73,0,350
1646436,27760,104,0,302
559538,74454,71,0,340
417068,29462,107,1,513
266544,52266,68,0,141
709891,0,70,0,349
397134,23599,103,0,494
552821,36088,72,0,345
833899,70534,104,0,54
3844585,27398,125,1,600
544855,85296,68,0,342
1080806,31063,92,0,441
618509,0,92,0,1027
320822,52367,81,0,275
548010,58651,71,0,472
2298615,84831,192,0,1336
1310792,49088,114,1,547
746292,70263,93,0,7
1146399,45354,285,0,540
723613,0,63,0,383
623268,28334,83,0,537
2839332,38772,90,0,321
374675,41479,94,1,19
2156933,23909,119,0,571
501208,48328,63,0,108
337185,86689,85,0,408
386477,24204,99,1,707
414571,25943,110,0,1067
515607,0,73,0,807
366737,62375,92,0,618
783568,0,71,0,404
1456726,0,148,0,710
1017133,70200,65,0,312
413577,0,112,0,707
551149,79027,70,0,336
1131424,62935,141,0,232
541461,26893,68,0,68
742159,47406,94,1,287
445811,17622,65,1,312
1447612,27572,124,0,595
493688,0,72,2,391
452527,32802,114,0,547
558176,62739,70,0,239
1413434,90844,118,0,232
2472318,44685,69,0,331
283806,0,80,0,336
384848,42589,98,0,470
1950447,0,72,0,345
248004,93383,62,0,244
436137,79583,109,2,523
252907,89129,64,0,328
250444,0,69,0,496
864970,94389,107,0,85
1366835,0,197,0,1418
2063508,84106,64,0,334
251753,0,69,0,42
532667,76717,66,0,300
260027,51978,66,0,144
853479,47325,107,0,64
882883,86721,111,0,532
224844,24910,63,1,347
1230276,43817,62,1,245
455659,0,73,2,525
253070,89451,63,0,61
525198,59537,66,0,316
674311,0,199,0,955
1401472,54193,117,0,720
943891,86946,118,0,340
1050677,0,92,0,546
421391,12160,109,0,489
477368,33701,63,0,171
544142,85702,67,0,249
284226,69417,73,1,30
305955,38644,78,1,361
2031499,63209,102,2,207
323912,16061,88,0,633
462680,79487,114,0,547
899704,54230,112,0,537
