customer-lifetime-value,income,monthly-premium-auto,number-of-open-complaints,total-claim-amount
323912,16061,88,0,633
462680,79487,114,0,547
899704,54230,112,0,537
2580706,71210,214,1,1027
380812,94903,94,0,451
761413,27293,96,0,469
689845,70950,171,0,565
229837,0,63,0,302
280669,37009,71,0,145
520611,52629,65,0,136
4570865,31264,198,1,825
800734,65473,67,0,277
548254,79325,68,0,251
246323,99144,61,0,292
549894,22520,73,0,350
524382,36615,65,0,264
328045,63297,82,0,251
488654,76374,61,0,292
512348,72096,6464,0,252
547955,56005,68,1,326
476215,36529,118,0,255
828767,81367,103,0,415
988665,44817,83,0,527
271291,58508,69,0,57
1047767,45259,138,0,272
343613,30817,88,0,91
259618,0,72,0,345
1273195,40870,105,0,504
349414,35001,96,3,460
759791,49937,64,0,302
401521,0,109,0,523
2047710,58317,73,0,350
816068,0,109,0,523
1229868,17101,113,0,542
871492,0,118,0,566
485353,0,65,0,468
488094,24398,63,1,302
231138,24641,61,0,294
432709,69040,108,0,518
1229868,17101,113,0,542
832353,59886,104,0,71
1017971,14290,271,0,1300
776126,43137,96,0,460
523989,27978,69,1,447
451790,25261,118,0,566
238977,58652,64,5,307
413062,28321,111,0,537
269156,77411,67,0,257
522776,0,72,0,518
618734,0,88,0,633
511387,94415,127,1,492
1103931,0,103,0,1149
3222708,45331,100,0,572
261196,53904,67,2,321
1337232,0,74,0,811
483898,0,70,2,336
472165,0,67,0,482
387364,28142,105,0,701
471855,15680,6464,0,260
1697979,35095,73,0,525
1368171,55588,114,0,547
571722,52391,71,0,409
948659,42240,79,0,46
383914,70146,96,0,157
1121159,41121,94,0,451
2580706,71210,214,1,1027
379832,0,107,1,1261
281656,41228,71,0,340
502929,40113,67,3,262
344496,0,91,0,596
285940,51790,71,0,340
269205,92593,68,0,8
1143173,28657,100,0,588
763588,30262,98,1,499
980582,47197,81,0,76
680361,0,94,0,451
710765,0,61,0,541
473518,0,134,0,964
687432,22093,87,0,616
241125,54483,61,0,292
241654,18944,63,0,125
2398154,84365,66,0,316
469216,0,64,0,137
360093,25147,101,0,694
266522,14315,71,0,511
766652,87864,94,0,421
1667589,57844,85,1,408
455085,17913,116,0,556
1176393,28806,99,0,475
1374253,90343,175,0,833
1613841,79041,199,0,419
729858,74069,63,2,275
667373,85019,167,0,801
778212,70059,194,0,253
1939321,70503,164,1,41
397413,0,117,0,561
410558,39492,105,0,756
230847,0,68,0,489
537291,50405,70,1,7
550831,96021,68,0,315
239833,0,65,0,422
372883,0,105,0,756
275849,65794,69,1,277
370393,21975,95,0,456
937284,0,126,0,604
499158,56649,125,0,780
503986,35984,128,3,275
275997,92296,69,0,331
799300,39448,103,3,66
523557,71794,131,0,457
263301,21861,69,0,348
276480,31591,72,4,240
808484,60662,68,0,326
268517,20608,73,0,350
1220812,21331,103,0,419
2009043,0,66,1,252
513341,53390,6464,0,278
249131,36631,62,0,67
631459,0,87,0,417
1622964,26030,139,1,667
516178,0,70,0,469
398226,0,113,0,542
1347318,25302,70,1,336
277832,66030,69,1,282
827644,0,82,0,590
1434985,73222,180,0,821
587819,22061,74,0,355
266605,86321,66,0,316
534568,54668,68,1,326
477712,0,62,0,297
1697374,69497,142,0,92
251811,86617,63,0,188
1916098,22705,239,0,1294
3286440,90783,104,2,285
396481,88410,99,0,475
491177,0,69,0,496
780531,21073,106,1,508
720066,0,66,0,316
538949,66429,136,0,57
324131,66889,80,0,294
552821,36088,72,0,345
299302,0,80,0,286
707665,0,68,0,489
370038,17557,96,0,666
532883,81064,70,4,42
483887,0,66,0,700
341720,42526,86,0,287
787992,45703,98,0,470
786943,40036,65,0,48
258680,0,71,0,191
728678,65870,61,1,202
1179799,91469,100,2,418
938675,42090,119,0,203
630892,21368,79,0,4
860915,79090,107,0,289
1542801,33879,98,0,470
563079,72874,70,0,336
1813118,0,82,1,393
808721,0,110,0,550
1845357,72215,66,0,247
521751,39854,66,0,261
483578,36655,61,0,295
559712,37995,139,0,667
892046,40867,112,0,537
599541,28804,78,0,76
3849694,48409,124,0,345
838263,19683,117,1,561
244366,92834,61,0,292
247225,62006,61,0,292
540551,67241,68,1,5
935247,75436,78,0,9
433987,91761,109,2,779
1772376,25771,222,0,1253
750745,60920,64,0,231
604857,0,61,3,292
1901447,29822,61,0,292
1008037,60944,130,2,623
650339,22081,84,0,451
248772,67282,62,0,297
462039,0,130,0,936
247152,95697,61,0,114
649424,15300,85,0,408
250490,88264,62,0,297
490489,12902,139,0,667
480247,29809,61,0,365
795577,0,74,0,355
694190,0,96,0,460
838247,25998,71,0,791
353643,28248,90,0,634
324481,68103,82,0,277
761121,0,103,0,741
450539,81079,111,0,134
244584,22732,62,0,15
1647776,49825,70,3,336
354640,0,103,0,621
427727,77265,107,0,513
478477,0,72,0,779
757223,12876,107,2,425
1176087,36431,99,0,513
393381,25927,103,0,674
570076,26811,72,0,465
349863,41711,90,0,351
576809,35091,74,0,418
636195,0,87,0,417
650339,22081,84,0,451
493519,29560,62,0,297
578522,31320,72,0,293
561968,0,153,0,1027
259928,33947,66,1,192
673297,0,62,0,446
1832186,21189,66,0,316
230069,25905,63,0,302
400285,0,114,0,820
862099,44988,108,0,518
1038898,33432,90,0,161
842717,46503,215,1,1032
700727,0,101,0,973
517657,23636,65,0,81
538949,66429,136,0,57
470000,11417,63,0,302
443494,58082,112,1,103
1401052,36523,71,0,101
1235005,54710,103,0,294
816157,73466,102,1,204
1100913,51643,283,0,1358
871704,83846,74,3,355
591746,0,169,0,1207
250366,53338,63,1,35
501888,54500,63,0,302
433038,60475,107,0,513
1048774,30658,89,0,441
356750,0,102,0,660
1989642,60420,248,0,632
2142363,0,65,0,312
694832,40598,91,0,302
351583,15144,90,0,372
1203662,44428,104,0,499
360979,58297,97,5,647
1773246,42191,74,1,68
850985,26057,74,0,523
586642,26608,73,0,234
482550,0,63,0,272
538949,66429,136,0,57
777800,25970,72,3,430
2634608,48268,223,0,1605
1486645,24279,126,0,604
832423,0,121,0,871
923830,0,128,0,921
2269329,71879,64,0,9
623601,57760,78,0,223
501218,20976,129,1,735
1569553,97750,65,0,303
821460,73245,68,0,305
311898,23008,79,1,80
276403,33837,72,4,305
688368,84869,85,0,408
221591,0,66,0,316
485474,29834,6464,0,307
2152294,44695,79,2,81
276169,0,77,0,554
2256361,23046,65,3,1
528591,0,73,0,392
3506264,84811,111,0,278
591319,0,91,0,436
259339,0,69,0,331
1269267,40117,108,0,750
330911,72140,87,2,417
518162,97131,6464,0,307
241393,12495,65,0,312
216168,0,67,2,482
552798,0,72,0,345
1062921,36495,133,1,229
1182010,86801,98,0,371
496463,52679,62,0,117
912292,90804,113,0,434
518162,97131,6464,0,307
346066,14262,90,0,290
287298,36844,73,0,283
992787,58703,127,2,227
348268,65162,86,0,134
399172,54964,99,0,525
551010,61401,69,0,144
360093,25147,101,0,694
541945,73536,67,0,172
581063,24860,73,0,350
394272,65404,99,0,300
312627,34510,81,0,388
353000,0,108,0,777
1099059,44552,137,0,311
477294,20993,133,0,638
220233,0,61,1,292
245917,21190,65,2,312
1037388,62587,86,0,412
258420,22562,65,0,312
430742,73345,107,0,513
304025,0,83,0,989
1916098,22705,239,0,1294
817657,67137,111,5,314
528530,22627,67,0,321
802499,38702,101,3,253
281046,26790,71,0,340
773955,64859,96,0,266
410979,86657,103,0,316
327516,69263,81,2,494
265269,82655,66,0,316
504822,29401,65,0,312
336241,22853,87,0,316
485842,26480,63,0,378
214492,0,61,1,292
604261,0,83,0,904
338720,73268,84,0,93
1086427,95579,67,0,308
884265,42142,112,0,396
261661,72302,66,0,316
3076325,41279,115,0,251
520022,23401,66,0,316
859130,0,128,0,1448
264657,23170,71,0,340
460724,17343,63,0,208
486062,25854,68,0,396
258084,46900,66,0,316
529139,57338,66,0,316
840575,85355,71,2,458
309651,21604,79,0,379
2941228,0,107,0,513
562705,51878,66,1,316
1749752,0,73,0,350
321860,68776,80,0,87
2320726,45039,96,0,192
692197,16483,90,0,320
1391853,64113,117,0,561
896630,41829,76,0,416
1198198,21514,62,0,257
553262,27722,69,0,331
1166057,21506,151,0,826
288645,10312,78,0,486
1274184,73054,106,1,419
539809,73775,67,0,321
728503,44788,61,0,386
1765196,22510,95,0,456
1702989,54613,213,0,731
249125,25965,65,0,329
403931,34911,105,1,126
261933,78618,66,0,225
504968,61080,66,2,294
498345,60415,62,0,72
253063,25143,66,0,8
739671,41045,64,1,394
383289,97729,95,0,97
496140,55702,61,0,151
386148,93272,95,0,281
2265853,23665,67,0,404
1040896,20228,101,1,523
483471,38713,66,4,316
825766,23815,73,0,424
305262,0,93,3,446
401231,47221,99,0,475
1335548,34495,113,0,389
236443,46264,62,0,199
248933,46051,63,0,302
475572,23975,128,0,614
1386438,0,74,4,580
302042,78561,74,0,355
628530,0,90,0,432
250602,61402,63,2,302
282630,65090,71,0,73
436971,88495,108,0,535
1217458,52797,104,1,88
352804,31278,92,4,441
1043657,24177,92,1,441
274612,96339,68,0,293
917517,68164,119,2,222
562705,36765,66,1,320
272752,74592,67,0,321
944974,0,63,0,117
456881,0,70,1,524
257402,34990,65,0,42
878988,22849,109,0,523
250740,32893,63,0,174
252241,0,73,0,350
754271,0,111,0,1186
600521,26876,76,0,364
2099825,71663,74,0,84
234508,0,69,0,331
878316,16994,112,0,806
452996,64270,117,0,46
603322,0,83,0,597
530824,0,145,0,358
267473,56342,69,0,331
492980,0,70,0,837
1413112,28327,185,0,888
247152,95697,61,0,114
600521,26876,76,0,364
438627,10621,67,0,321
1911656,0,61,0,657
663166,32918,84,0,403
743229,0,71,0,447
292811,63127,74,1,174
4661187,22022,136,0,979
1651500,51725,138,1,159
438627,10621,67,0,321
1021356,39719,131,0,628
1004928,58194,84,0,450
574614,61990,72,0,48
374675,41479,94,1,19
748606,97899,95,3,3
912006,63878,113,0,370
567804,68671,70,0,8
751708,0,102,0,1178
453053,34640,117,2,466
269138,21959,71,0,340
806862,51584,69,2,368
247857,65744,62,0,166
911204,25198,118,0,566
277244,79663,69,0,263
430579,31071,111,2,215
510335,39452,131,0,398
478496,25813,61,0,205
1054110,59965,131,0,905
528511,40783,67,1,321
761084,98701,94,0,79
851052,0,121,0,871
1617294,64388,68,0,12
242549,66841,62,0,123
289931,33738,74,1,304
363305,43334,95,2,614
345715,0,91,0,245
339472,83431,84,0,403
802106,54292,67,0,321
584152,0,79,0,379
547985,38210,69,0,383
2045524,0,67,0,482
831912,49734,69,0,154
258286,50148,65,0,323
416379,11689,117,0,561
485310,17120,125,0,717
753169,82157,188,0,1353
258593,21603,68,2,326
269596,25544,68,0,326
268458,98121,67,0,383
810936,32314,68,0,326
903665,89382,112,0,573
535218,97742,132,0,199
1188096,0,114,0,820
255709,0,73,0,525
791482,77153,99,1,355
984008,94590,81,0,388
435155,74163,108,0,518
2220782,40450,287,3,1377
482525,0,71,0,511
694783,0,99,0,475
334480,33243,85,0,24
235750,0,64,0,199
3594471,0,114,0,820
1040896,20228,101,1,523
404816,92801,100,0,407
685200,0,69,1,406
290302,36845,74,0,355
1803911,0,63,0,503
324204,72330,81,2,126
246762,19352,65,0,724
567438,0,62,5,297
863435,25073,79,0,379
278019,20261,72,0,345
2205600,66851,92,2,408
251459,43860,65,0,156
588622,0,180,0,1777
770603,48019,64,0,137
279045,28786,71,1,345
239703,22283,65,0,572
883432,34133,111,0,226
1443567,60880,119,0,109
687196,0,196,2,940
1536235,48115,192,0,1382
483479,32017,62,2,297
1089930,58518,136,0,323
528404,61542,67,0,321
289172,56761,73,1,85
490054,22976,66,0,345
2084259,0,72,0,709
524605,70301,67,0,328
663083,0,66,0,315
1203662,44428,104,0,499
389503,52361,102,0,645
1170106,32435,297,0,1767
341910,40272,86,0,23
730277,30492,61,0,171
1968540,51524,244,0,1171
248606,36635,63,0,302
522432,83389,65,0,209
4922143,63035,153,0,734
316788,61638,82,2,544
780531,21073,106,1,508
1319792,0,68,3,326
623430,0,82,0,192
753960,0,74,0,532
815793,86811,102,0,489
1315674,72517,82,0,371
249125,25965,5353,0,329
533938,84424,66,0,231
864917,43383,109,0,757
751913,96306,95,1,185
429300,0,61,0,292
253774,0,69,0,331
1316033,94125,109,0,341
1323554,39778,112,0,806
374457,0,101,0,727
2848607,91871,102,0,346
264468,54000,66,0,373
507328,57709,125,0,600
427258,81132,107,0,419
1100301,22926,93,0,479
1418164,0,72,2,345
554803,67798,69,0,331
1107768,78011,138,0,619
243568,32931,62,0,297
874385,99517,109,0,239
240976,59665,62,1,167
550001,86073,136,0,333
852828,91099,107,0,406
359199,28013,91,0,655
853982,55478,71,0,339
699091,22568,88,0,422
397938,0,112,0,806
2395037,39335,201,0,964
232105,0,66,0,508
508702,0,72,0,345
436293,58842,110,0,528
745746,0,69,0,678
702775,0,102,0,489
283168,70037,70,0,409
421785,0,62,0,446
759629,59847,192,0,921
836567,26630,118,0,581
272639,48039,68,0,11
342045,0,92,0,441
483910,0,137,0,1227
435855,0,118,0,101
1242739,15818,107,0,333
2351585,36537,85,0,165
839632,0,115,1,552
517097,53603,132,1,697
558530,0,80,0,6
863949,92374,107,1,220
528183,39658,66,0,316
838525,0,116,0,556
463310,0,70,0,336
248039,0,65,0,328
361868,50755,91,0,436
537584,69050,67,0,334
489329,0,73,0,680
1073768,50607,137,0,657
260781,0,70,1,336
1572525,0,149,0,1072
955341,0,146,0,1051
750745,60920,64,0,231
732492,0,105,0,504
533303,55674,66,0,81
1276723,0,189,0,2201
265933,24495,70,0,336
348363,42983,86,0,412
463654,26802,66,1,316
1753003,0,97,0,469
697871,53808,88,0,189
291224,93403,73,0,295
420927,26435,111,1,1012
500980,0,68,0,326
521751,39854,66,0,261
1149033,0,161,0,1052
286454,91368,71,0,395
840391,0,115,0,552
2039596,92850,104,1,499
529263,0,70,0,336
1672777,30915,72,2,345
580112,48927,72,0,139
947297,0,86,0,412
1048491,61108,89,0,49
438731,48015,110,0,528
452288,0,61,0,292
541815,57587,68,0,257
562705,0,70,0,336
1578529,81119,196,0,940
2211039,65724,70,0,14
1359619,20128,70,2,336
475612,56146,119,0,401
244705,84658,62,0,44
567592,33257,72,1,345
739903,0,101,0,337
730843,31115,92,0,441
3287174,78487,117,0,448
522892,92472,65,0,240
2070086,0,64,0,460
633303,71737,79,0,338
433038,60475,107,0,513
629273,26577,79,0,73
491788,0,71,0,511
516581,43461,64,0,307
629159,0,94,0,676
458267,69085,113,0,472
606244,0,84,0,604
497907,0,71,0,340
583056,0,77,0,783
374257,0,110,1,1272
384959,0,106,0,763
1526581,58361,95,0,43
531780,74092,67,0,321
237480,0,64,0,380
553286,59768,71,1,340
571978,54585,7575,1,340
451220,0,125,0,900
726480,12075,94,0,451
865886,62464,109,0,400
549894,22520,73,0,350
559938,35012,72,0,345
1522819,95140,126,0,45
364483,82477,90,0,432
369344,85871,92,1,112
938816,75264,78,0,343
3116269,83170,97,0,344
928373,24314,235,0,1128
255122,79751,63,0,392
581191,83318,72,0,345
406467,26161,109,0,594
284144,30473,72,0,450
683213,50472,87,0,281
520197,94186,64,0,135
548458,47611,69,0,593
767268,0,103,0,518
827248,91245,69,0,19
333067,45944,83,0,182
556245,59649,69,1,167
245273,52785,61,0,45
792028,59648,66,0,316
386148,93272,95,0,281
576478,22134,72,0,445
259389,0,72,0,345
288235,87798,71,0,204
221318,0,63,0,305
942962,43811,117,0,571
623925,0,91,0,655
766880,92456,95,0,456
1377097,59207,116,0,556
274284,64519,69,1,331
1346692,11432,119,0,571
885835,0,80,0,81
848533,32607,111,1,532
774464,26444,196,0,940
589490,39381,74,1,355
577068,0,83,0,946
526111,90217,66,1,316
240353,24248,70,3,336
912460,99368,113,0,82
2618080,68189,82,1,343
1564125,32370,130,0,487
257402,34990,65,0,42
531983,25714,67,0,321
749600,61091,95,0,409
1217458,88184,104,3,240
260557,60252,65,0,182
270720,80985,67,0,124
279490,39783,72,0,345
881901,99845,110,1,528
534599,0,72,0,345
816951,40803,71,3,122
770888,71134,98,3,196
552821,36088,72,0,345
1212844,29431,103,0,237
552821,36088,72,0,345
679684,17937,65,0,312
286731,23376,78,0,374
239557,21986,63,0,333
709416,23032,89,0,427
412809,32114,104,0,445
404693,13330,117,0,561
486928,44934,61,0,357
290215,96137,73,2,67
428294,40864,109,1,166
775012,22668,67,1,33
662717,90751,82,1,315
747460,44186,64,2,295
556129,92678,70,0,34
609846,74257,76,0,214
285952,99981,71,0,204
599442,0,91,0,655
563524,19591,74,0,95
506720,29095,127,0,664
226328,0,62,0,389
1443567,60880,119,0,109
492839,61785,61,0,271
1203662,44428,104,0,499
856476,95697,107,0,178
236188,18064,63,2,182
556569,74720,70,0,200
514680,22594,67,0,321
293808,40987,73,0,329
1443274,24561,126,0,853
1302741,76456,83,1,42
245198,65828,62,0,297
466198,0,68,1,489
560001,63621,70,0,444
401613,10074,107,0,108
2219580,78965,183,0,145
734335,0,68,0,479
480451,23604,64,0,460
273553,99205,68,0,323
694097,0,92,0,441
239621,0,66,2,433
538089,55350,67,0,321
843281,21052,111,0,453
755650,0,69,0,496
778743,24664,69,0,496
478781,45225,124,0,209
970764,30430,86,0,425
255222,35149,64,0,120
522342,16513,71,0,340
501044,10892,66,0,316
560831,67176,72,0,345
445793,54704,113,0,468
820078,25381,71,0,340
274608,0,74,0,355
1021577,18150,67,0,220
245357,29735,69,0,331
587295,77156,73,0,445
311892,88782,78,0,357
556865,51489,139,0,236
902971,16972,125,0,600
759182,99359,95,0,233
225531,58289,62,4,297
3261369,45173,268,0,1286
944564,93246,78,0,41
680359,43758,171,0,1129
976621,75651,81,0,375
729484,0,67,0,321
568251,36938,70,0,244
633294,50843,82,0,393
491657,21907,62,0,2
479824,77846,119,0,342
564380,41043,72,0,345
924746,97030,76,0,416
732292,80864,182,0,618
827590,48197,106,0,508
563540,70837,73,4,362
1497028,85297,93,0,620
933633,70177,115,0,225
4835696,52499,138,0,1171
568691,63143,71,0,340
862283,97361,73,0,350
507967,50052,130,0,624
562331,11612,71,0,340
527001,78115,65,0,255
862117,81947,71,0,203
791833,44698,211,4,1012
2103401,26876,66,0,219
1541768,69841,192,0,878
869263,97768,72,0,151
650314,0,187,0,1588
239619,39062,61,0,346
591495,50217,74,0,355
224844,24910,63,1,347
682679,0,68,0,489
398218,38500,99,1,423
288777,62018,71,0,293
225241,0,65,0,468
845853,57394,106,0,316
747831,23530,65,0,312
378864,48887,95,0,456
522068,68867,129,0,619
713029,12062,63,0,302
851359,59230,107,0,245
566013,59586,72,0,91
263814,79699,65,0,348
531889,25134,67,0,321
416016,0,61,0,292
223734,0,61,0,292
346012,0,100,1,720
1600550,44901,70,2,460
698660,0,93,0,149
882696,28463,113,2,324
472686,13037,124,0,839
2744347,82320,99,1,475
724731,0,104,0,499
513785,78460,64,0,203
273905,0,92,4,657
509279,46922,64,0,403
579982,60689,74,0,5
550706,0,71,0,340
1048491,61108,89,0,49
850128,98003,107,0,449
293598,73847,73,1,350
650339,22081,84,0,451
4680522,83006,235,1,1065
483471,38713,66,4,316
257532,28700,68,3,326
3711165,61552,115,0,12
437119,56718,113,1,542
1679633,66776,71,0,131
798850,58268,67,0,228
226984,0,68,0,542
499147,12608,66,1,214
292193,63499,73,0,278
761319,36247,96,0,329
582740,30228,73,0,163
260064,0,74,0,501
849146,0,116,0,1193
977873,99364,121,0,580
2265853,23665,67,0,404
1000402,0,94,0,807
487277,69247,61,1,226
744481,56047,92,0,82
576111,28919,73,0,207
536677,0,70,0,223
625947,0,83,0,254
762358,69900,64,0,33
1096395,55687,276,0,1324
742784,78294,92,0,181
550413,0,73,0,350
466512,0,62,0,297
602184,0,168,0,1476
307410,0,104,3,748
495308,21385,127,0,609
778048,87128,97,0,495
799277,35434,66,0,297
417068,29462,107,1,513
2322823,53243,102,3,489
544581,21006,139,1,667
455849,0,65,0,312
552821,36088,72,0,345
1039066,28948,131,0,295
714254,24417,185,0,888
546954,67099,69,0,22
1162873,97830,96,0,298
1018965,0,101,0,727
273343,93558,67,0,478
401445,37384,99,0,475
711953,28227,62,0,551
1177279,51008,74,0,355
238179,78185,61,0,292
520835,0,74,0,532
501872,0,68,0,670
1190054,97205,100,2,5
580017,25472,73,0,350
567438,26225,72,1,320
727143,20545,70,0,336
316449,0,83,0,398
266103,35503,67,0,216
1414055,58988,118,0,566
765422,0,74,1,355
219973,0,64,0,685
200435,0,66,4,316
1311111,67197,111,0,147
1576260,39032,198,0,950
1319792,0,68,3,326
278753,34927,70,0,242
343613,30817,88,0,91
271336,31535,70,0,90
286731,23376,78,0,374
1459024,46244,62,0,255
665247,34886,84,0,403
244462,0,66,0,316
289691,33746,74,1,355
1097206,24164,137,0,657
562705,25859,74,0,355
1935737,0,68,1,326
722712,40153,61,0,340
785730,0,104,0,499
518162,97131,64,0,307
428106,23712,106,0,508
1151316,0,64,0,307
514711,33171,65,0,236
866349,0,83,1,398
253532,0,68,0,326
2150433,60228,112,1,286
734932,27072,93,0,565
850985,26057,74,0,523
429718,66331,107,0,513
871704,83846,74,3,355
871704,83846,74,3,355
1747664,45106,73,0,350
1047989,78435,130,0,553
224257,0,63,1,453
275445,79507,70,3,442
804120,44986,101,0,624
604291,25899,79,0,568
282743,13610,74,0,355
2204185,0,65,0,312
279680,77362,70,0,386
407284,96443,102,0,489
518246,0,135,1,939
613166,90778,76,0,62
239213,0,65,0,361
320966,78494,79,0,122
280860,83497,69,0,196
436293,58842,110,0,528
688046,63935,87,0,221
359106,0,96,0,460
520125,0,69,0,331
552154,0,77,0,369
507165,62258,65,0,117
292168,0,80,0,739
1580653,58516,98,0,470
574988,22814,73,0,360
416741,56901,104,0,499
651495,0,61,1,292
918951,99443,117,4,228
823122,0,113,0,373
309517,88246,77,1,428
600521,26876,76,0,364
758211,64801,64,0,268
1634460,57029,68,0,135
1176315,28045,99,0,475
405337,44661,101,0,436
331115,21246,83,0,398
352804,31278,92,4,441
559538,74454,71,0,340
508969,62474,63,0,112
2233716,0,130,0,1376
479283,20647,63,0,185
2778969,33806,89,0,395
751166,0,70,0,340
1876755,0,111,0,900
498764,19589,127,0,1027
512319,22338,67,1,307
598977,66839,154,0,739
242928,26736,63,0,367
582818,31364,74,0,461
283158,17752,77,0,369
976793,36225,123,0,221
1209791,0,107,0,271
226531,0,61,0,292
571908,77601,71,0,276
1017147,74243,84,0,71
1051715,46707,133,0,80
430347,0,116,0,765
1192675,50234,101,0,484
1653170,75526,103,1,494
305928,65083,77,0,369
543744,28343,69,0,331
510329,74948,64,0,216
458310,22728,116,0,556
640962,0,99,2,712
899198,17331,117,0,1138
1223277,35133,102,0,692
512603,63147,64,0,87
1101416,67575,91,0,401
381961,0,111,0,799
840439,48315,71,0,340
903567,34337,113,0,542
545370,33818,72,4,341
376636,22439,98,0,470
728393,79055,186,1,177
274524,45191,69,0,330
262627,41990,66,0,316
245681,50979,61,1,262
845367,59888,106,0,712
350856,20978,98,1,1176
287735,32807,73,0,350
784016,58414,210,2,1008
277104,50071,71,0,18
533948,67796,69,4,331
809287,50825,102,0,369
864650,64125,108,0,369
565923,69387,71,0,71
553246,29084,71,1,492
794351,60214,100,1,291
977460,96018,122,0,390
406700,28466,102,0,371
2320839,60233,116,0,481
732589,52920,93,0,1101
417034,90310,104,0,166
784016,58414,210,2,1008
887596,69205,110,0,372
1937890,21159,73,0,350
597099,64008,85,5,372
914887,68236,114,0,20
1377097,59207,116,0,556
2009689,92766,71,0,379
582168,77563,143,0,545
309580,33415,78,0,374
1059854,20179,133,1,638
769512,50147,101,0,484
304179,13789,79,0,379
868982,0,99,5,475
813177,93715,102,2,254
381532,23540,103,2,494
1163889,25370,102,0,489
2280053,68771,96,0,276
446299,0,73,3,350
1315183,68562,108,0,228
1401997,36733,71,0,327
293115,45768,73,0,191
477475,0,64,0,307
847141,63513,70,0,185
543121,58161,68,0,140
568964,83640,70,0,471
368672,0,96,0,28
399258,0,111,0,700
